001 0 45091 1 
001 0 101650 1  
001 0 534383 1  
001 0 331978 1 
001 0 260798 1
001 0 549481 1
001 0 31351 1
001 0 15098 1
001 0 360081 1
001 0 383093 1
001 0 15101 1
001 0 43812 1 
001 0 172528 1 
001 0 670221 1
001 0 875 1
001 0 15100 1
001 0 12407 1
001 0 70135 1
001 0 79922 1
001 0 459999 1 
001 0 158244 1 
001 0 533850 1 
001 0 533851 1 
001 0 534378 1 
001 0 240418 1 
001 0 102140 1
001 0 312335 1
001 0 451667 1
001 0 561431 1
001 0 451666 1
001 0 405329 1
001 0 525659 1
001 0 590178 1
001 0 646510 1
001 0 38690 1
001 0 458298 1
001 0 172531 1
001 0 172569 1
001 0 526608 1
001 0 527815 1
001 0 190093 1
001 0 534382 1
001 0 53689 1
001 0 53690 1
001 0 53693 1
001 0 392602 1 
001 0 54276 1 
001 0 54280 1 
001 0 55260 1
001 0 388235 1
001 0 53260 1 
001 0 56323 1 
001 0 70067 1 
001 0 70630 1 
001 0 74278 1 
001 0 75912 1 
001 0 75915 1 
001 0 421883 1 
002 0 7 1 
002 0 6 1 
002 0 4 1
002 0 9 1
002 0 8 1
002 0 5 1
002 0 333786 1 
002 0 361133 1  
002 0 68889 1
002 0 86857 1
002 0 527443 1
002 0 594995 1
002 0 295131 1
002 0 295365 1
002 0 10 1
002 0 77513 1 
002 0 155266 1
002 0 20466 1
002 0 22397 1
002 0 22967 1
002 0 29040 1
002 0 29044 1
002 0 52242 1
002 0 66751 1
002 0 68415 1
002 0 90835 1
002 0 157856 1
002 0 169964 1
002 0 169966 1
002 0 169969 1
002 0 169971 1
002 0 514205 1
002 0 253118 1
002 0 254325 1
002 0 254493 1
002 0 611984 1
002 0 261516 1
002 0 261517 1
002 0 261523 1
002 0 274653 1
002 0 616258 1
002 0 616261 1
002 0 616263 1