001 Q0 31351 1 16.26568  N9573950_N9800174_N9858598_N8554544_Team 666
001 Q0 226272 2 8.001796  N9573950_N9800174_N9858598_N8554544_Team 666
001 Q0 226273 3 8.001796  N9573950_N9800174_N9858598_N8554544_Team 666
001 Q0 45091 4 4.784837  N9573950_N9800174_N9858598_N8554544_Team 666
001 Q0 218024 5 4.041819  N9573950_N9800174_N9858598_N8554544_Team 666
001 Q0 101648 6 3.938058  N9573950_N9800174_N9858598_N8554544_Team 666
001 Q0 101650 7 3.593991  N9573950_N9800174_N9858598_N8554544_Team 666
001 Q0 43812 8 3.466636  N9573950_N9800174_N9858598_N8554544_Team 666
001 Q0 172528 9 3.284961  N9573950_N9800174_N9858598_N8554544_Team 666
001 Q0 670221 10 2.955036  N9573950_N9800174_N9858598_N8554544_Team 666
001 Q0 875 11 2.875877  N9573950_N9800174_N9858598_N8554544_Team 666
001 Q0 15100 12 2.875877  N9573950_N9800174_N9858598_N8554544_Team 666
001 Q0 12407 13 2.820582  N9573950_N9800174_N9858598_N8554544_Team 666
001 Q0 70135 14 2.820582  N9573950_N9800174_N9858598_N8554544_Team 666
001 Q0 79922 15 2.820582  N9573950_N9800174_N9858598_N8554544_Team 666
001 Q0 459999 16 2.820582  N9573950_N9800174_N9858598_N8554544_Team 666
001 Q0 158244 17 2.820582  N9573950_N9800174_N9858598_N8554544_Team 666
001 Q0 533850 18 2.820582  N9573950_N9800174_N9858598_N8554544_Team 666
001 Q0 533851 19 2.820582  N9573950_N9800174_N9858598_N8554544_Team 666
001 Q0 534378 20 2.820582  N9573950_N9800174_N9858598_N8554544_Team 666
001 Q0 534383 21 2.820582  N9573950_N9800174_N9858598_N8554544_Team 666
001 Q0 534384 22 2.820582  N9573950_N9800174_N9858598_N8554544_Team 666
001 Q0 534385 23 2.820582  N9573950_N9800174_N9858598_N8554544_Team 666
001 Q0 240418 24 2.820582  N9573950_N9800174_N9858598_N8554544_Team 666
001 Q0 590178 25 2.820582  N9573950_N9800174_N9858598_N8554544_Team 666
001 Q0 283491 26 2.820582  N9573950_N9800174_N9858598_N8554544_Team 666
001 Q0 331978 27 2.820582  N9573950_N9800174_N9858598_N8554544_Team 666
001 Q0 339121 28 2.748522  N9573950_N9800174_N9858598_N8554544_Team 666
001 Q0 339122 29 2.748522  N9573950_N9800174_N9858598_N8554544_Team 666
001 Q0 339124 30 2.748522  N9573950_N9800174_N9858598_N8554544_Team 666
001 Q0 876 31 2.748522  N9573950_N9800174_N9858598_N8554544_Team 666
001 Q0 13872 32 2.748522  N9573950_N9800174_N9858598_N8554544_Team 666
001 Q0 13877 33 2.748522  N9573950_N9800174_N9858598_N8554544_Team 666
001 Q0 15098 34 2.748522  N9573950_N9800174_N9858598_N8554544_Team 666
001 Q0 15099 35 2.748522  N9573950_N9800174_N9858598_N8554544_Team 666
001 Q0 15101 36 2.748522  N9573950_N9800174_N9858598_N8554544_Team 666
001 Q0 360081 37 2.748522  N9573950_N9800174_N9858598_N8554544_Team 666
001 Q0 21725 38 2.748522  N9573950_N9800174_N9858598_N8554544_Team 666
001 Q0 38690 39 2.748522  N9573950_N9800174_N9858598_N8554544_Team 666
001 Q0 377624 40 2.748522  N9573950_N9800174_N9858598_N8554544_Team 666
001 Q0 39149 41 2.748522  N9573950_N9800174_N9858598_N8554544_Team 666
001 Q0 42609 42 2.748522  N9573950_N9800174_N9858598_N8554544_Team 666
001 Q0 42611 43 2.748522  N9573950_N9800174_N9858598_N8554544_Team 666
001 Q0 383093 44 2.748522  N9573950_N9800174_N9858598_N8554544_Team 666
001 Q0 383094 45 2.748522  N9573950_N9800174_N9858598_N8554544_Team 666
001 Q0 383099 46 2.748522  N9573950_N9800174_N9858598_N8554544_Team 666
001 Q0 50094 47 2.748522  N9573950_N9800174_N9858598_N8554544_Team 666
001 Q0 390525 48 2.748522  N9573950_N9800174_N9858598_N8554544_Team 666
001 Q0 392604 49 2.748522  N9573950_N9800174_N9858598_N8554544_Team 666
001 Q0 54277 50 2.748522  N9573950_N9800174_N9858598_N8554544_Team 666
001 Q0 77991 51 2.748522  N9573950_N9800174_N9858598_N8554544_Team 666
001 Q0 79519 52 2.748522  N9573950_N9800174_N9858598_N8554544_Team 666
001 Q0 79520 53 2.748522  N9573950_N9800174_N9858598_N8554544_Team 666
001 Q0 79521 54 2.748522  N9573950_N9800174_N9858598_N8554544_Team 666
001 Q0 79926 55 2.748522  N9573950_N9800174_N9858598_N8554544_Team 666
001 Q0 428736 56 2.748522  N9573950_N9800174_N9858598_N8554544_Team 666
001 Q0 428737 57 2.748522  N9573950_N9800174_N9858598_N8554544_Team 666
001 Q0 428738 58 2.748522  N9573950_N9800174_N9858598_N8554544_Team 666
001 Q0 431173 59 2.748522  N9573950_N9800174_N9858598_N8554544_Team 666
001 Q0 446333 60 2.748522  N9573950_N9800174_N9858598_N8554544_Team 666
001 Q0 446334 61 2.748522  N9573950_N9800174_N9858598_N8554544_Team 666
001 Q0 458298 62 2.748522  N9573950_N9800174_N9858598_N8554544_Team 666
001 Q0 121870 63 2.748522  N9573950_N9800174_N9858598_N8554544_Team 666
001 Q0 121876 64 2.748522  N9573950_N9800174_N9858598_N8554544_Team 666
001 Q0 468708 65 2.748522  N9573950_N9800174_N9858598_N8554544_Team 666
001 Q0 468711 66 2.748522  N9573950_N9800174_N9858598_N8554544_Team 666
001 Q0 479364 67 2.748522  N9573950_N9800174_N9858598_N8554544_Team 666
001 Q0 140960 68 2.748522  N9573950_N9800174_N9858598_N8554544_Team 666
001 Q0 158241 69 2.748522  N9573950_N9800174_N9858598_N8554544_Team 666
001 Q0 505708 70 2.748522  N9573950_N9800174_N9858598_N8554544_Team 666
001 Q0 505709 71 2.748522  N9573950_N9800174_N9858598_N8554544_Team 666
001 Q0 505713 72 2.748522  N9573950_N9800174_N9858598_N8554544_Team 666
001 Q0 170100 73 2.748522  N9573950_N9800174_N9858598_N8554544_Team 666
001 Q0 172531 74 2.748522  N9573950_N9800174_N9858598_N8554544_Team 666
001 Q0 172569 75 2.748522  N9573950_N9800174_N9858598_N8554544_Team 666
001 Q0 526608 76 2.748522  N9573950_N9800174_N9858598_N8554544_Team 666
001 Q0 527815 77 2.748522  N9573950_N9800174_N9858598_N8554544_Team 666
001 Q0 190093 78 2.748522  N9573950_N9800174_N9858598_N8554544_Team 666
001 Q0 534382 79 2.748522  N9573950_N9800174_N9858598_N8554544_Team 666
001 Q0 535586 80 2.748522  N9573950_N9800174_N9858598_N8554544_Team 666
001 Q0 549481 81 2.748522  N9573950_N9800174_N9858598_N8554544_Team 666
001 Q0 214833 82 2.748522  N9573950_N9800174_N9858598_N8554544_Team 666
001 Q0 214839 83 2.748522  N9573950_N9800174_N9858598_N8554544_Team 666
001 Q0 564227 84 2.748522  N9573950_N9800174_N9858598_N8554544_Team 666
001 Q0 567616 85 2.748522  N9573950_N9800174_N9858598_N8554544_Team 666
001 Q0 234234 86 2.748522  N9573950_N9800174_N9858598_N8554544_Team 666
001 Q0 590181 87 2.748522  N9573950_N9800174_N9858598_N8554544_Team 666
001 Q0 590183 88 2.748522  N9573950_N9800174_N9858598_N8554544_Team 666
001 Q0 590186 89 2.748522  N9573950_N9800174_N9858598_N8554544_Team 666
001 Q0 260798 90 2.748522  N9573950_N9800174_N9858598_N8554544_Team 666
001 Q0 263357 91 2.748522  N9573950_N9800174_N9858598_N8554544_Team 666
001 Q0 280197 92 2.748522  N9573950_N9800174_N9858598_N8554544_Team 666
001 Q0 283492 93 2.748522  N9573950_N9800174_N9858598_N8554544_Team 666
001 Q0 283497 94 2.748522  N9573950_N9800174_N9858598_N8554544_Team 666
001 Q0 287355 95 2.748522  N9573950_N9800174_N9858598_N8554544_Team 666
001 Q0 628636 96 2.748522  N9573950_N9800174_N9858598_N8554544_Team 666
001 Q0 628637 97 2.748522  N9573950_N9800174_N9858598_N8554544_Team 666
001 Q0 633686 98 2.748522  N9573950_N9800174_N9858598_N8554544_Team 666
001 Q0 301890 99 2.748522  N9573950_N9800174_N9858598_N8554544_Team 666
001 Q0 301891 100 2.748522  N9573950_N9800174_N9858598_N8554544_Team 666
001 Q0 321340 101 2.748522  N9573950_N9800174_N9858598_N8554544_Team 666
001 Q0 331974 102 2.748522  N9573950_N9800174_N9858598_N8554544_Team 666
001 Q0 476086 103 2.721774  N9573950_N9800174_N9858598_N8554544_Team 666
001 Q0 476090 104 2.721774  N9573950_N9800174_N9858598_N8554544_Team 666
001 Q0 254181 105 2.616908  N9573950_N9800174_N9858598_N8554544_Team 666
001 Q0 254188 106 2.616908  N9573950_N9800174_N9858598_N8554544_Team 666
001 Q0 339123 107 2.574553  N9573950_N9800174_N9858598_N8554544_Team 666
001 Q0 339126 108 2.574553  N9573950_N9800174_N9858598_N8554544_Team 666
001 Q0 882 109 2.574553  N9573950_N9800174_N9858598_N8554544_Team 666
001 Q0 8137 110 2.574553  N9573950_N9800174_N9858598_N8554544_Team 666
001 Q0 8138 111 2.574553  N9573950_N9800174_N9858598_N8554544_Team 666
001 Q0 351950 112 2.574553  N9573950_N9800174_N9858598_N8554544_Team 666
001 Q0 13873 113 2.574553  N9573950_N9800174_N9858598_N8554544_Team 666
001 Q0 13875 114 2.574553  N9573950_N9800174_N9858598_N8554544_Team 666
001 Q0 355086 115 2.574553  N9573950_N9800174_N9858598_N8554544_Team 666
001 Q0 360076 116 2.574553  N9573950_N9800174_N9858598_N8554544_Team 666
001 Q0 360077 117 2.574553  N9573950_N9800174_N9858598_N8554544_Team 666
001 Q0 31345 118 2.574553  N9573950_N9800174_N9858598_N8554544_Team 666
001 Q0 371123 119 2.574553  N9573950_N9800174_N9858598_N8554544_Team 666
001 Q0 377474 120 2.574553  N9573950_N9800174_N9858598_N8554544_Team 666
001 Q0 377629 121 2.574553  N9573950_N9800174_N9858598_N8554544_Team 666
001 Q0 39151 122 2.574553  N9573950_N9800174_N9858598_N8554544_Team 666
001 Q0 42578 123 2.574553  N9573950_N9800174_N9858598_N8554544_Team 666
001 Q0 42581 124 2.574553  N9573950_N9800174_N9858598_N8554544_Team 666
001 Q0 381588 125 2.574553  N9573950_N9800174_N9858598_N8554544_Team 666
001 Q0 383091 126 2.574553  N9573950_N9800174_N9858598_N8554544_Team 666
001 Q0 383098 127 2.574553  N9573950_N9800174_N9858598_N8554544_Team 666
001 Q0 383100 128 2.574553  N9573950_N9800174_N9858598_N8554544_Team 666
001 Q0 44497 129 2.574553  N9573950_N9800174_N9858598_N8554544_Team 666
001 Q0 44500 130 2.574553  N9573950_N9800174_N9858598_N8554544_Team 666
001 Q0 389900 131 2.574553  N9573950_N9800174_N9858598_N8554544_Team 666
001 Q0 390524 132 2.574553  N9573950_N9800174_N9858598_N8554544_Team 666
001 Q0 390527 133 2.574553  N9573950_N9800174_N9858598_N8554544_Team 666
001 Q0 53686 134 2.574553  N9573950_N9800174_N9858598_N8554544_Team 666
001 Q0 53689 135 2.574553  N9573950_N9800174_N9858598_N8554544_Team 666
001 Q0 53690 136 2.574553  N9573950_N9800174_N9858598_N8554544_Team 666
001 Q0 53693 137 2.574553  N9573950_N9800174_N9858598_N8554544_Team 666
001 Q0 392602 138 2.574553  N9573950_N9800174_N9858598_N8554544_Team 666
001 Q0 54276 139 2.574553  N9573950_N9800174_N9858598_N8554544_Team 666
001 Q0 54280 140 2.574553  N9573950_N9800174_N9858598_N8554544_Team 666
001 Q0 55260 141 2.574553  N9573950_N9800174_N9858598_N8554544_Team 666
001 Q0 55262 142 2.574553  N9573950_N9800174_N9858598_N8554544_Team 666
001 Q0 405327 143 2.574553  N9573950_N9800174_N9858598_N8554544_Team 666
001 Q0 405329 144 2.574553  N9573950_N9800174_N9858598_N8554544_Team 666
001 Q0 69101 145 2.574553  N9573950_N9800174_N9858598_N8554544_Team 666
001 Q0 410306 146 2.574553  N9573950_N9800174_N9858598_N8554544_Team 666
001 Q0 75884 147 2.574553  N9573950_N9800174_N9858598_N8554544_Team 666
001 Q0 75886 148 2.574553  N9573950_N9800174_N9858598_N8554544_Team 666
001 Q0 76823 149 2.574553  N9573950_N9800174_N9858598_N8554544_Team 666
001 Q0 77989 150 2.574553  N9573950_N9800174_N9858598_N8554544_Team 666
001 Q0 77996 151 2.574553  N9573950_N9800174_N9858598_N8554544_Team 666
001 Q0 419193 152 2.574553  N9573950_N9800174_N9858598_N8554544_Team 666
001 Q0 419195 153 2.574553  N9573950_N9800174_N9858598_N8554544_Team 666
001 Q0 419199 154 2.574553  N9573950_N9800174_N9858598_N8554544_Team 666
001 Q0 419201 155 2.574553  N9573950_N9800174_N9858598_N8554544_Team 666
001 Q0 90265 156 2.574553  N9573950_N9800174_N9858598_N8554544_Team 666
001 Q0 428740 157 2.574553  N9573950_N9800174_N9858598_N8554544_Team 666
001 Q0 429320 158 2.574553  N9573950_N9800174_N9858598_N8554544_Team 666
001 Q0 429322 159 2.574553  N9573950_N9800174_N9858598_N8554544_Team 666
001 Q0 429323 160 2.574553  N9573950_N9800174_N9858598_N8554544_Team 666
001 Q0 99575 161 2.574553  N9573950_N9800174_N9858598_N8554544_Team 666
001 Q0 99579 162 2.574553  N9573950_N9800174_N9858598_N8554544_Team 666
001 Q0 104738 163 2.574553  N9573950_N9800174_N9858598_N8554544_Team 666
001 Q0 459957 164 2.574553  N9573950_N9800174_N9858598_N8554544_Team 666
001 Q0 468706 165 2.574553  N9573950_N9800174_N9858598_N8554544_Team 666
001 Q0 470612 166 2.574553  N9573950_N9800174_N9858598_N8554544_Team 666
001 Q0 475455 167 2.574553  N9573950_N9800174_N9858598_N8554544_Team 666
001 Q0 136916 168 2.574553  N9573950_N9800174_N9858598_N8554544_Team 666
001 Q0 140313 169 2.574553  N9573950_N9800174_N9858598_N8554544_Team 666
001 Q0 479359 170 2.574553  N9573950_N9800174_N9858598_N8554544_Team 666
001 Q0 479360 171 2.574553  N9573950_N9800174_N9858598_N8554544_Team 666
001 Q0 479362 172 2.574553  N9573950_N9800174_N9858598_N8554544_Team 666
001 Q0 479365 173 2.574553  N9573950_N9800174_N9858598_N8554544_Team 666
001 Q0 140966 174 2.574553  N9573950_N9800174_N9858598_N8554544_Team 666
001 Q0 494613 175 2.574553  N9573950_N9800174_N9858598_N8554544_Team 666
001 Q0 157865 176 2.574553  N9573950_N9800174_N9858598_N8554544_Team 666
001 Q0 157869 177 2.574553  N9573950_N9800174_N9858598_N8554544_Team 666
001 Q0 158243 178 2.574553  N9573950_N9800174_N9858598_N8554544_Team 666
001 Q0 158245 179 2.574553  N9573950_N9800174_N9858598_N8554544_Team 666
001 Q0 158247 180 2.574553  N9573950_N9800174_N9858598_N8554544_Team 666
001 Q0 505715 181 2.574553  N9573950_N9800174_N9858598_N8554544_Team 666
001 Q0 170099 182 2.574553  N9573950_N9800174_N9858598_N8554544_Team 666
001 Q0 172571 183 2.574553  N9573950_N9800174_N9858598_N8554544_Team 666
001 Q0 172573 184 2.574553  N9573950_N9800174_N9858598_N8554544_Team 666
001 Q0 172574 185 2.574553  N9573950_N9800174_N9858598_N8554544_Team 666
001 Q0 512199 186 2.574553  N9573950_N9800174_N9858598_N8554544_Team 666
001 Q0 525659 187 2.574553  N9573950_N9800174_N9858598_N8554544_Team 666
001 Q0 525661 188 2.574553  N9573950_N9800174_N9858598_N8554544_Team 666
001 Q0 525664 189 2.574553  N9573950_N9800174_N9858598_N8554544_Team 666
001 Q0 525666 190 2.574553  N9573950_N9800174_N9858598_N8554544_Team 666
001 Q0 527268 191 2.574553  N9573950_N9800174_N9858598_N8554544_Team 666
001 Q0 527812 192 2.574553  N9573950_N9800174_N9858598_N8554544_Team 666
001 Q0 189473 193 2.574553  N9573950_N9800174_N9858598_N8554544_Team 666
001 Q0 189479 194 2.574553  N9573950_N9800174_N9858598_N8554544_Team 666
001 Q0 193088 195 2.574553  N9573950_N9800174_N9858598_N8554544_Team 666
001 Q0 193089 196 2.574553  N9573950_N9800174_N9858598_N8554544_Team 666
001 Q0 534533 197 2.574553  N9573950_N9800174_N9858598_N8554544_Team 666
001 Q0 535590 198 2.574553  N9573950_N9800174_N9858598_N8554544_Team 666
001 Q0 535673 199 2.574553  N9573950_N9800174_N9858598_N8554544_Team 666
001 Q0 546287 200 2.574553  N9573950_N9800174_N9858598_N8554544_Team 666
001 Q0 208099 201 2.574553  N9573950_N9800174_N9858598_N8554544_Team 666
001 Q0 208917 202 2.574553  N9573950_N9800174_N9858598_N8554544_Team 666
001 Q0 208918 203 2.574553  N9573950_N9800174_N9858598_N8554544_Team 666
001 Q0 209090 204 2.574553  N9573950_N9800174_N9858598_N8554544_Team 666
001 Q0 209096 205 2.574553  N9573950_N9800174_N9858598_N8554544_Team 666
001 Q0 549480 206 2.574553  N9573950_N9800174_N9858598_N8554544_Team 666
001 Q0 214222 207 2.574553  N9573950_N9800174_N9858598_N8554544_Team 666
001 Q0 214224 208 2.574553  N9573950_N9800174_N9858598_N8554544_Team 666
001 Q0 214225 209 2.574553  N9573950_N9800174_N9858598_N8554544_Team 666
001 Q0 216546 210 2.574553  N9573950_N9800174_N9858598_N8554544_Team 666
001 Q0 216548 211 2.574553  N9573950_N9800174_N9858598_N8554544_Team 666
001 Q0 216551 212 2.574553  N9573950_N9800174_N9858598_N8554544_Team 666
001 Q0 220388 213 2.574553  N9573950_N9800174_N9858598_N8554544_Team 666
001 Q0 220391 214 2.574553  N9573950_N9800174_N9858598_N8554544_Team 666
001 Q0 220394 215 2.574553  N9573950_N9800174_N9858598_N8554544_Team 666
001 Q0 224633 216 2.574553  N9573950_N9800174_N9858598_N8554544_Team 666
001 Q0 564226 217 2.574553  N9573950_N9800174_N9858598_N8554544_Team 666
001 Q0 564232 218 2.574553  N9573950_N9800174_N9858598_N8554544_Team 666
001 Q0 567292 219 2.574553  N9573950_N9800174_N9858598_N8554544_Team 666
001 Q0 567612 220 2.574553  N9573950_N9800174_N9858598_N8554544_Team 666
001 Q0 567615 221 2.574553  N9573950_N9800174_N9858598_N8554544_Team 666
001 Q0 234239 222 2.574553  N9573950_N9800174_N9858598_N8554544_Team 666
001 Q0 579746 223 2.574553  N9573950_N9800174_N9858598_N8554544_Team 666
001 Q0 579747 224 2.574553  N9573950_N9800174_N9858598_N8554544_Team 666
001 Q0 579748 225 2.574553  N9573950_N9800174_N9858598_N8554544_Team 666
001 Q0 579751 226 2.574553  N9573950_N9800174_N9858598_N8554544_Team 666
001 Q0 584341 227 2.574553  N9573950_N9800174_N9858598_N8554544_Team 666
001 Q0 246739 228 2.574553  N9573950_N9800174_N9858598_N8554544_Team 666
001 Q0 247639 229 2.574553  N9573950_N9800174_N9858598_N8554544_Team 666
001 Q0 251490 230 2.574553  N9573950_N9800174_N9858598_N8554544_Team 666
001 Q0 251492 231 2.574553  N9573950_N9800174_N9858598_N8554544_Team 666
001 Q0 256259 232 2.574553  N9573950_N9800174_N9858598_N8554544_Team 666
001 Q0 256261 233 2.574553  N9573950_N9800174_N9858598_N8554544_Team 666
001 Q0 260804 234 2.574553  N9573950_N9800174_N9858598_N8554544_Team 666
001 Q0 604248 235 2.574553  N9573950_N9800174_N9858598_N8554544_Team 666
001 Q0 280193 236 2.574553  N9573950_N9800174_N9858598_N8554544_Team 666
001 Q0 286612 237 2.574553  N9573950_N9800174_N9858598_N8554544_Team 666
001 Q0 628790 238 2.574553  N9573950_N9800174_N9858598_N8554544_Team 666
001 Q0 292818 239 2.574553  N9573950_N9800174_N9858598_N8554544_Team 666
001 Q0 633680 240 2.574553  N9573950_N9800174_N9858598_N8554544_Team 666
001 Q0 633682 241 2.574553  N9573950_N9800174_N9858598_N8554544_Team 666
001 Q0 638071 242 2.574553  N9573950_N9800174_N9858598_N8554544_Team 666
001 Q0 302869 243 2.574553  N9573950_N9800174_N9858598_N8554544_Team 666
001 Q0 303538 244 2.574553  N9573950_N9800174_N9858598_N8554544_Team 666
001 Q0 303539 245 2.574553  N9573950_N9800174_N9858598_N8554544_Team 666
001 Q0 303541 246 2.574553  N9573950_N9800174_N9858598_N8554544_Team 666
001 Q0 303542 247 2.574553  N9573950_N9800174_N9858598_N8554544_Team 666
001 Q0 303544 248 2.574553  N9573950_N9800174_N9858598_N8554544_Team 666
001 Q0 303545 249 2.574553  N9573950_N9800174_N9858598_N8554544_Team 666
001 Q0 643028 250 2.574553  N9573950_N9800174_N9858598_N8554544_Team 666
001 Q0 646510 251 2.574553  N9573950_N9800174_N9858598_N8554544_Team 666
001 Q0 646512 252 2.574553  N9573950_N9800174_N9858598_N8554544_Team 666
001 Q0 646552 253 2.574553  N9573950_N9800174_N9858598_N8554544_Team 666
001 Q0 654937 254 2.574553  N9573950_N9800174_N9858598_N8554544_Team 666
001 Q0 319817 255 2.574553  N9573950_N9800174_N9858598_N8554544_Team 666
001 Q0 325022 256 2.574553  N9573950_N9800174_N9858598_N8554544_Team 666
001 Q0 147393 257 2.505375  N9573950_N9800174_N9858598_N8554544_Team 666
001 Q0 435054 258 2.400509  N9573950_N9800174_N9858598_N8554544_Team 666
001 Q0 435059 259 2.400509  N9573950_N9800174_N9858598_N8554544_Team 666
001 Q0 226267 260 2.400509  N9573950_N9800174_N9858598_N8554544_Team 666
001 Q0 226271 261 2.400509  N9573950_N9800174_N9858598_N8554544_Team 666
001 Q0 165795 262 2.108593  N9573950_N9800174_N9858598_N8554544_Team 666
001 Q0 339204 263 1.889048  N9573950_N9800174_N9858598_N8554544_Team 666
001 Q0 8190 264 1.889048  N9573950_N9800174_N9858598_N8554544_Team 666
001 Q0 350740 265 1.889048  N9573950_N9800174_N9858598_N8554544_Team 666
001 Q0 352416 266 1.889048  N9573950_N9800174_N9858598_N8554544_Team 666
001 Q0 14644 267 1.889048  N9573950_N9800174_N9858598_N8554544_Team 666
001 Q0 17929 268 1.889048  N9573950_N9800174_N9858598_N8554544_Team 666
001 Q0 19195 269 1.889048  N9573950_N9800174_N9858598_N8554544_Team 666
001 Q0 27363 270 1.889048  N9573950_N9800174_N9858598_N8554544_Team 666
001 Q0 33715 271 1.889048  N9573950_N9800174_N9858598_N8554544_Team 666
001 Q0 35623 272 1.889048  N9573950_N9800174_N9858598_N8554544_Team 666
001 Q0 382125 273 1.889048  N9573950_N9800174_N9858598_N8554544_Team 666
001 Q0 388235 274 1.889048  N9573950_N9800174_N9858598_N8554544_Team 666
001 Q0 53260 275 1.889048  N9573950_N9800174_N9858598_N8554544_Team 666
001 Q0 56323 276 1.889048  N9573950_N9800174_N9858598_N8554544_Team 666
001 Q0 70067 277 1.889048  N9573950_N9800174_N9858598_N8554544_Team 666
001 Q0 70630 278 1.889048  N9573950_N9800174_N9858598_N8554544_Team 666
001 Q0 74278 279 1.889048  N9573950_N9800174_N9858598_N8554544_Team 666
001 Q0 75912 280 1.889048  N9573950_N9800174_N9858598_N8554544_Team 666
001 Q0 75915 281 1.889048  N9573950_N9800174_N9858598_N8554544_Team 666
001 Q0 421883 282 1.889048  N9573950_N9800174_N9858598_N8554544_Team 666
001 Q0 84949 283 1.889048  N9573950_N9800174_N9858598_N8554544_Team 666
001 Q0 85741 284 1.889048  N9573950_N9800174_N9858598_N8554544_Team 666
001 Q0 102140 285 1.889048  N9573950_N9800174_N9858598_N8554544_Team 666
001 Q0 102141 286 1.889048  N9573950_N9800174_N9858598_N8554544_Team 666
001 Q0 442322 287 1.889048  N9573950_N9800174_N9858598_N8554544_Team 666
001 Q0 443357 288 1.889048  N9573950_N9800174_N9858598_N8554544_Team 666
001 Q0 106697 289 1.889048  N9573950_N9800174_N9858598_N8554544_Team 666
001 Q0 457268 290 1.889048  N9573950_N9800174_N9858598_N8554544_Team 666
001 Q0 136174 291 1.889048  N9573950_N9800174_N9858598_N8554544_Team 666
001 Q0 481723 292 1.889048  N9573950_N9800174_N9858598_N8554544_Team 666
001 Q0 482339 293 1.889048  N9573950_N9800174_N9858598_N8554544_Team 666
001 Q0 143436 294 1.889048  N9573950_N9800174_N9858598_N8554544_Team 666
001 Q0 143979 295 1.889048  N9573950_N9800174_N9858598_N8554544_Team 666
001 Q0 148675 296 1.889048  N9573950_N9800174_N9858598_N8554544_Team 666
001 Q0 489829 297 1.889048  N9573950_N9800174_N9858598_N8554544_Team 666
001 Q0 497278 298 1.889048  N9573950_N9800174_N9858598_N8554544_Team 666
001 Q0 161367 299 1.889048  N9573950_N9800174_N9858598_N8554544_Team 666
001 Q0 167999 300 1.889048  N9573950_N9800174_N9858598_N8554544_Team 666
001 Q0 514102 301 1.889048  N9573950_N9800174_N9858598_N8554544_Team 666
001 Q0 179497 302 1.889048  N9573950_N9800174_N9858598_N8554544_Team 666
001 Q0 525359 303 1.889048  N9573950_N9800174_N9858598_N8554544_Team 666
001 Q0 187960 304 1.889048  N9573950_N9800174_N9858598_N8554544_Team 666
001 Q0 533527 305 1.889048  N9573950_N9800174_N9858598_N8554544_Team 666
001 Q0 196895 306 1.889048  N9573950_N9800174_N9858598_N8554544_Team 666
001 Q0 538418 307 1.889048  N9573950_N9800174_N9858598_N8554544_Team 666
001 Q0 201412 308 1.889048  N9573950_N9800174_N9858598_N8554544_Team 666
001 Q0 207443 309 1.889048  N9573950_N9800174_N9858598_N8554544_Team 666
001 Q0 547784 310 1.889048  N9573950_N9800174_N9858598_N8554544_Team 666
001 Q0 550410 311 1.889048  N9573950_N9800174_N9858598_N8554544_Team 666
001 Q0 223321 312 1.889048  N9573950_N9800174_N9858598_N8554544_Team 666
001 Q0 225097 313 1.889048  N9573950_N9800174_N9858598_N8554544_Team 666
001 Q0 225242 314 1.889048  N9573950_N9800174_N9858598_N8554544_Team 666
001 Q0 231579 315 1.889048  N9573950_N9800174_N9858598_N8554544_Team 666
001 Q0 571512 316 1.889048  N9573950_N9800174_N9858598_N8554544_Team 666
001 Q0 234828 317 1.889048  N9573950_N9800174_N9858598_N8554544_Team 666
001 Q0 578000 318 1.889048  N9573950_N9800174_N9858598_N8554544_Team 666
001 Q0 578812 319 1.889048  N9573950_N9800174_N9858598_N8554544_Team 666
001 Q0 581485 320 1.889048  N9573950_N9800174_N9858598_N8554544_Team 666
001 Q0 582963 321 1.889048  N9573950_N9800174_N9858598_N8554544_Team 666
001 Q0 584321 322 1.889048  N9573950_N9800174_N9858598_N8554544_Team 666
001 Q0 604117 323 1.889048  N9573950_N9800174_N9858598_N8554544_Team 666
001 Q0 604123 324 1.889048  N9573950_N9800174_N9858598_N8554544_Team 666
001 Q0 622931 325 1.889048  N9573950_N9800174_N9858598_N8554544_Team 666
001 Q0 626360 326 1.889048  N9573950_N9800174_N9858598_N8554544_Team 666
001 Q0 632189 327 1.889048  N9573950_N9800174_N9858598_N8554544_Team 666
001 Q0 632571 328 1.889048  N9573950_N9800174_N9858598_N8554544_Team 666
001 Q0 312335 329 1.889048  N9573950_N9800174_N9858598_N8554544_Team 666
001 Q0 312337 330 1.889048  N9573950_N9800174_N9858598_N8554544_Team 666
001 Q0 660054 331 1.889048  N9573950_N9800174_N9858598_N8554544_Team 666
001 Q0 662114 332 1.889048  N9573950_N9800174_N9858598_N8554544_Team 666
001 Q0 323171 333 1.889048  N9573950_N9800174_N9858598_N8554544_Team 666
001 Q0 665715 334 1.889048  N9573950_N9800174_N9858598_N8554544_Team 666
001 Q0 333607 335 1.889048  N9573950_N9800174_N9858598_N8554544_Team 666
001 Q0 335470 336 1.889048  N9573950_N9800174_N9858598_N8554544_Team 666
001 Q0 2298 337 1.841744  N9573950_N9800174_N9858598_N8554544_Team 666
001 Q0 408822 338 1.841744  N9573950_N9800174_N9858598_N8554544_Team 666
001 Q0 416219 339 1.841744  N9573950_N9800174_N9858598_N8554544_Team 666
001 Q0 561430 340 1.841744  N9573950_N9800174_N9858598_N8554544_Team 666
001 Q0 400781 341 1.814365  N9573950_N9800174_N9858598_N8554544_Team 666
001 Q0 536909 342 1.814365  N9573950_N9800174_N9858598_N8554544_Team 666
001 Q0 176556 343 1.783289  N9573950_N9800174_N9858598_N8554544_Team 666
001 Q0 516006 344 1.746426  N9573950_N9800174_N9858598_N8554544_Team 666
001 Q0 286933 345 1.746426  N9573950_N9800174_N9858598_N8554544_Team 666
001 Q0 395111 346 1.689557  N9573950_N9800174_N9858598_N8554544_Team 666
001 Q0 132362 347 1.689557  N9573950_N9800174_N9858598_N8554544_Team 666
001 Q0 210292 348 1.669756  N9573950_N9800174_N9858598_N8554544_Team 666
001 Q0 644420 349 1.669756  N9573950_N9800174_N9858598_N8554544_Team 666
001 Q0 32171 350 1.622128  N9573950_N9800174_N9858598_N8554544_Team 666
001 Q0 81641 351 1.616991  N9573950_N9800174_N9858598_N8554544_Team 666
001 Q0 400782 352 1.616064  N9573950_N9800174_N9858598_N8554544_Team 666
001 Q0 408828 353 1.616064  N9573950_N9800174_N9858598_N8554544_Team 666
001 Q0 103779 354 1.616064  N9573950_N9800174_N9858598_N8554544_Team 666
001 Q0 620259 355 1.616064  N9573950_N9800174_N9858598_N8554544_Team 666
001 Q0 344994 356 1.584987  N9573950_N9800174_N9858598_N8554544_Team 666
001 Q0 28465 357 1.584987  N9573950_N9800174_N9858598_N8554544_Team 666
001 Q0 405121 358 1.584987  N9573950_N9800174_N9858598_N8554544_Team 666
001 Q0 75543 359 1.584987  N9573950_N9800174_N9858598_N8554544_Team 666
001 Q0 80818 360 1.584987  N9573950_N9800174_N9858598_N8554544_Team 666
001 Q0 451667 361 1.584987  N9573950_N9800174_N9858598_N8554544_Team 666
001 Q0 516003 362 1.584987  N9573950_N9800174_N9858598_N8554544_Team 666
001 Q0 543978 363 1.584987  N9573950_N9800174_N9858598_N8554544_Team 666
001 Q0 543980 364 1.584987  N9573950_N9800174_N9858598_N8554544_Team 666
001 Q0 211556 365 1.584987  N9573950_N9800174_N9858598_N8554544_Team 666
001 Q0 561431 366 1.584987  N9573950_N9800174_N9858598_N8554544_Team 666
001 Q0 636148 367 1.584987  N9573950_N9800174_N9858598_N8554544_Team 666
001 Q0 664809 368 1.584987  N9573950_N9800174_N9858598_N8554544_Team 666
001 Q0 601075 369 1.584872  N9573950_N9800174_N9858598_N8554544_Team 666
001 Q0 601077 370 1.584872  N9573950_N9800174_N9858598_N8554544_Team 666
001 Q0 408893 371 1.548124  N9573950_N9800174_N9858598_N8554544_Team 666
001 Q0 417976 372 1.548124  N9573950_N9800174_N9858598_N8554544_Team 666
001 Q0 424724 373 1.548124  N9573950_N9800174_N9858598_N8554544_Team 666
001 Q0 93730 374 1.548124  N9573950_N9800174_N9858598_N8554544_Team 666
001 Q0 100168 375 1.548124  N9573950_N9800174_N9858598_N8554544_Team 666
001 Q0 103780 376 1.548124  N9573950_N9800174_N9858598_N8554544_Team 666
001 Q0 451666 377 1.548124  N9573950_N9800174_N9858598_N8554544_Team 666
001 Q0 460475 378 1.548124  N9573950_N9800174_N9858598_N8554544_Team 666
001 Q0 485525 379 1.548124  N9573950_N9800174_N9858598_N8554544_Team 666
001 Q0 156186 380 1.548124  N9573950_N9800174_N9858598_N8554544_Team 666
001 Q0 504257 381 1.548124  N9573950_N9800174_N9858598_N8554544_Team 666
001 Q0 516002 382 1.548124  N9573950_N9800174_N9858598_N8554544_Team 666
001 Q0 516008 383 1.548124  N9573950_N9800174_N9858598_N8554544_Team 666
001 Q0 178055 384 1.548124  N9573950_N9800174_N9858598_N8554544_Team 666
001 Q0 525833 385 1.548124  N9573950_N9800174_N9858598_N8554544_Team 666
001 Q0 191773 386 1.548124  N9573950_N9800174_N9858598_N8554544_Team 666
001 Q0 191775 387 1.548124  N9573950_N9800174_N9858598_N8554544_Team 666
001 Q0 191778 388 1.548124  N9573950_N9800174_N9858598_N8554544_Team 666
001 Q0 210134 389 1.548124  N9573950_N9800174_N9858598_N8554544_Team 666
001 Q0 561323 390 1.548124  N9573950_N9800174_N9858598_N8554544_Team 666
001 Q0 603072 391 1.548124  N9573950_N9800174_N9858598_N8554544_Team 666
001 Q0 620263 392 1.548124  N9573950_N9800174_N9858598_N8554544_Team 666
001 Q0 286937 393 1.548124  N9573950_N9800174_N9858598_N8554544_Team 666
001 Q0 301487 394 1.548124  N9573950_N9800174_N9858598_N8554544_Team 666
001 Q0 663873 395 1.548124  N9573950_N9800174_N9858598_N8554544_Team 666
001 Q0 667766 396 1.548124  N9573950_N9800174_N9858598_N8554544_Team 666
001 Q0 639926 397 1.548009  N9573950_N9800174_N9858598_N8554544_Team 666
001 Q0 357192 398 1.500084  N9573950_N9800174_N9858598_N8554544_Team 666
001 Q0 357423 399 1.500084  N9573950_N9800174_N9858598_N8554544_Team 666
001 Q0 359483 400 1.500084  N9573950_N9800174_N9858598_N8554544_Team 666
001 Q0 369394 401 1.500084  N9573950_N9800174_N9858598_N8554544_Team 666
001 Q0 35511 402 1.500084  N9573950_N9800174_N9858598_N8554544_Team 666
001 Q0 38686 403 1.500084  N9573950_N9800174_N9858598_N8554544_Team 666
001 Q0 396789 404 1.500084  N9573950_N9800174_N9858598_N8554544_Team 666
001 Q0 417978 405 1.500084  N9573950_N9800174_N9858598_N8554544_Team 666
001 Q0 417980 406 1.500084  N9573950_N9800174_N9858598_N8554544_Team 666
001 Q0 420605 407 1.500084  N9573950_N9800174_N9858598_N8554544_Team 666
001 Q0 422125 408 1.500084  N9573950_N9800174_N9858598_N8554544_Team 666
001 Q0 105067 409 1.500084  N9573950_N9800174_N9858598_N8554544_Team 666
001 Q0 106099 410 1.500084  N9573950_N9800174_N9858598_N8554544_Team 666
001 Q0 138514 411 1.500084  N9573950_N9800174_N9858598_N8554544_Team 666
001 Q0 138518 412 1.500084  N9573950_N9800174_N9858598_N8554544_Team 666
001 Q0 485811 413 1.500084  N9573950_N9800174_N9858598_N8554544_Team 666
001 Q0 165798 414 1.500084  N9573950_N9800174_N9858598_N8554544_Team 666
001 Q0 174190 415 1.500084  N9573950_N9800174_N9858598_N8554544_Team 666
001 Q0 526874 416 1.500084  N9573950_N9800174_N9858598_N8554544_Team 666
001 Q0 189284 417 1.500084  N9573950_N9800174_N9858598_N8554544_Team 666
001 Q0 208092 418 1.500084  N9573950_N9800174_N9858598_N8554544_Team 666
001 Q0 208100 419 1.500084  N9573950_N9800174_N9858598_N8554544_Team 666
001 Q0 583041 420 1.500084  N9573950_N9800174_N9858598_N8554544_Team 666
001 Q0 598674 421 1.500084  N9573950_N9800174_N9858598_N8554544_Team 666
001 Q0 297373 422 1.500084  N9573950_N9800174_N9858598_N8554544_Team 666
001 Q0 638062 423 1.500084  N9573950_N9800174_N9858598_N8554544_Team 666
001 Q0 638067 424 1.500084  N9573950_N9800174_N9858598_N8554544_Team 666
001 Q0 664266 425 1.500084  N9573950_N9800174_N9858598_N8554544_Team 666
001 Q0 673538 426 1.500084  N9573950_N9800174_N9858598_N8554544_Team 666
001 Q0 69097 427 1.499969  N9573950_N9800174_N9858598_N8554544_Team 666
001 Q0 82160 428 1.499969  N9573950_N9800174_N9858598_N8554544_Team 666
001 Q0 85417 429 1.499969  N9573950_N9800174_N9858598_N8554544_Team 666
001 Q0 85823 430 1.499969  N9573950_N9800174_N9858598_N8554544_Team 666
001 Q0 93793 431 1.499969  N9573950_N9800174_N9858598_N8554544_Team 666
001 Q0 3018 432 1.479316  N9573950_N9800174_N9858598_N8554544_Team 666
001 Q0 67313 433 1.479316  N9573950_N9800174_N9858598_N8554544_Team 666
001 Q0 411109 434 1.479316  N9573950_N9800174_N9858598_N8554544_Team 666
001 Q0 609615 435 1.479316  N9573950_N9800174_N9858598_N8554544_Team 666
001 Q0 316522 436 1.479316  N9573950_N9800174_N9858598_N8554544_Team 666
001 Q0 341720 437 1.396355  N9573950_N9800174_N9858598_N8554544_Team 666
001 Q0 504261 438 1.384105  N9573950_N9800174_N9858598_N8554544_Team 666
001 Q0 62214 439 1.383989  N9573950_N9800174_N9858598_N8554544_Team 666
001 Q0 62217 440 1.383989  N9573950_N9800174_N9858598_N8554544_Team 666
001 Q0 62220 441 1.383989  N9573950_N9800174_N9858598_N8554544_Team 666
001 Q0 62221 442 1.383989  N9573950_N9800174_N9858598_N8554544_Team 666
001 Q0 102027 443 1.383989  N9573950_N9800174_N9858598_N8554544_Team 666
001 Q0 147476 444 1.383989  N9573950_N9800174_N9858598_N8554544_Team 666
001 Q0 534030 445 1.383989  N9573950_N9800174_N9858598_N8554544_Team 666
001 Q0 318688 446 1.383989  N9573950_N9800174_N9858598_N8554544_Team 666
001 Q0 288814 447 1.343582  N9573950_N9800174_N9858598_N8554544_Team 666
001 Q0 163658 448 1.306719  N9573950_N9800174_N9858598_N8554544_Team 666
001 Q0 171587 449 1.306719  N9573950_N9800174_N9858598_N8554544_Team 666
001 Q0 171588 450 1.306719  N9573950_N9800174_N9858598_N8554544_Team 666
001 Q0 171590 451 1.306719  N9573950_N9800174_N9858598_N8554544_Team 666
001 Q0 318164 452 1.306719  N9573950_N9800174_N9858598_N8554544_Team 666
001 Q0 162679 453 1.289749  N9573950_N9800174_N9858598_N8554544_Team 666
001 Q0 350641 454 1.281062  N9573950_N9800174_N9858598_N8554544_Team 666
001 Q0 350643 455 1.281062  N9573950_N9800174_N9858598_N8554544_Team 666
001 Q0 63911 456 1.281062  N9573950_N9800174_N9858598_N8554544_Team 666
001 Q0 447120 457 1.281062  N9573950_N9800174_N9858598_N8554544_Team 666
001 Q0 447125 458 1.281062  N9573950_N9800174_N9858598_N8554544_Team 666
001 Q0 341725 459 1.280375  N9573950_N9800174_N9858598_N8554544_Team 666
001 Q0 435234 460 1.280375  N9573950_N9800174_N9858598_N8554544_Team 666
001 Q0 379982 461 1.274997  N9573950_N9800174_N9858598_N8554544_Team 666
001 Q0 551783 462 1.274997  N9573950_N9800174_N9858598_N8554544_Team 666
001 Q0 140845 463 1.258679  N9573950_N9800174_N9858598_N8554544_Team 666
001 Q0 140849 464 1.258679  N9573950_N9800174_N9858598_N8554544_Team 666
001 Q0 178230 465 1.258679  N9573950_N9800174_N9858598_N8554544_Team 666
001 Q0 553605 466 1.258679  N9573950_N9800174_N9858598_N8554544_Team 666
001 Q0 301053 467 1.24392  N9573950_N9800174_N9858598_N8554544_Team 666
001 Q0 562579 468 1.233402  N9573950_N9800174_N9858598_N8554544_Team 666
001 Q0 564637 469 1.215745  N9573950_N9800174_N9858598_N8554544_Team 666
001 Q0 261095 470 1.215745  N9573950_N9800174_N9858598_N8554544_Team 666
001 Q0 34487 471 1.207058  N9573950_N9800174_N9858598_N8554544_Team 666
001 Q0 244846 472 1.207058  N9573950_N9800174_N9858598_N8554544_Team 666
001 Q0 626192 473 1.207058  N9573950_N9800174_N9858598_N8554544_Team 666
001 Q0 669676 474 1.207058  N9573950_N9800174_N9858598_N8554544_Team 666
001 Q0 31346 475 1.194697  N9573950_N9800174_N9858598_N8554544_Team 666
001 Q0 395106 476 1.194697  N9573950_N9800174_N9858598_N8554544_Team 666
001 Q0 395452 477 1.194697  N9573950_N9800174_N9858598_N8554544_Team 666
001 Q0 72469 478 1.194697  N9573950_N9800174_N9858598_N8554544_Team 666
001 Q0 72470 479 1.194697  N9573950_N9800174_N9858598_N8554544_Team 666
001 Q0 455068 480 1.194697  N9573950_N9800174_N9858598_N8554544_Team 666
001 Q0 127598 481 1.194697  N9573950_N9800174_N9858598_N8554544_Team 666
001 Q0 132357 482 1.194697  N9573950_N9800174_N9858598_N8554544_Team 666
001 Q0 132364 483 1.194697  N9573950_N9800174_N9858598_N8554544_Team 666
001 Q0 476089 484 1.194697  N9573950_N9800174_N9858598_N8554544_Team 666
001 Q0 476091 485 1.194697  N9573950_N9800174_N9858598_N8554544_Team 666
001 Q0 476093 486 1.194697  N9573950_N9800174_N9858598_N8554544_Team 666
001 Q0 147397 487 1.194697  N9573950_N9800174_N9858598_N8554544_Team 666
001 Q0 152383 488 1.194697  N9573950_N9800174_N9858598_N8554544_Team 666
001 Q0 152384 489 1.194697  N9573950_N9800174_N9858598_N8554544_Team 666
001 Q0 152385 490 1.194697  N9573950_N9800174_N9858598_N8554544_Team 666
001 Q0 152386 491 1.194697  N9573950_N9800174_N9858598_N8554544_Team 666
001 Q0 152388 492 1.194697  N9573950_N9800174_N9858598_N8554544_Team 666
001 Q0 499595 493 1.194697  N9573950_N9800174_N9858598_N8554544_Team 666
001 Q0 499597 494 1.194697  N9573950_N9800174_N9858598_N8554544_Team 666
001 Q0 499599 495 1.194697  N9573950_N9800174_N9858598_N8554544_Team 666
001 Q0 162395 496 1.194697  N9573950_N9800174_N9858598_N8554544_Team 666
001 Q0 162398 497 1.194697  N9573950_N9800174_N9858598_N8554544_Team 666
001 Q0 162399 498 1.194697  N9573950_N9800174_N9858598_N8554544_Team 666
001 Q0 162400 499 1.194697  N9573950_N9800174_N9858598_N8554544_Team 666
001 Q0 162402 500 1.194697  N9573950_N9800174_N9858598_N8554544_Team 666
001 Q0 162403 501 1.194697  N9573950_N9800174_N9858598_N8554544_Team 666
001 Q0 554903 502 1.194697  N9573950_N9800174_N9858598_N8554544_Team 666
001 Q0 255272 503 1.194697  N9573950_N9800174_N9858598_N8554544_Team 666
001 Q0 612215 504 1.194697  N9573950_N9800174_N9858598_N8554544_Team 666
001 Q0 276892 505 1.194697  N9573950_N9800174_N9858598_N8554544_Team 666
001 Q0 627371 506 1.194697  N9573950_N9800174_N9858598_N8554544_Team 666
001 Q0 311138 507 1.194697  N9573950_N9800174_N9858598_N8554544_Team 666
001 Q0 324831 508 1.194697  N9573950_N9800174_N9858598_N8554544_Team 666
001 Q0 4661 509 1.189453  N9573950_N9800174_N9858598_N8554544_Team 666
001 Q0 281452 510 1.189453  N9573950_N9800174_N9858598_N8554544_Team 666
001 Q0 294137 511 1.173443  N9573950_N9800174_N9858598_N8554544_Team 666
001 Q0 250805 512 1.167705  N9573950_N9800174_N9858598_N8554544_Team 666
001 Q0 103024 513 1.1647  N9573950_N9800174_N9858598_N8554544_Team 666
001 Q0 146565 514 1.1647  N9573950_N9800174_N9858598_N8554544_Team 666
001 Q0 193400 515 1.1647  N9573950_N9800174_N9858598_N8554544_Team 666
001 Q0 224680 516 1.1647  N9573950_N9800174_N9858598_N8554544_Team 666
001 Q0 234830 517 1.1647  N9573950_N9800174_N9858598_N8554544_Team 666
001 Q0 235736 518 1.1647  N9573950_N9800174_N9858598_N8554544_Team 666
001 Q0 257787 519 1.1647  N9573950_N9800174_N9858598_N8554544_Team 666
001 Q0 261415 520 1.1647  N9573950_N9800174_N9858598_N8554544_Team 666
001 Q0 611414 521 1.1647  N9573950_N9800174_N9858598_N8554544_Team 666
001 Q0 286521 522 1.1647  N9573950_N9800174_N9858598_N8554544_Team 666
001 Q0 347585 523 1.159017  N9573950_N9800174_N9858598_N8554544_Team 666
001 Q0 12416 524 1.159017  N9573950_N9800174_N9858598_N8554544_Team 666
001 Q0 22311 525 1.159017  N9573950_N9800174_N9858598_N8554544_Team 666
001 Q0 22713 526 1.159017  N9573950_N9800174_N9858598_N8554544_Team 666
001 Q0 364507 527 1.159017  N9573950_N9800174_N9858598_N8554544_Team 666
001 Q0 386807 528 1.159017  N9573950_N9800174_N9858598_N8554544_Team 666
001 Q0 59236 529 1.159017  N9573950_N9800174_N9858598_N8554544_Team 666
001 Q0 59368 530 1.159017  N9573950_N9800174_N9858598_N8554544_Team 666
001 Q0 61117 531 1.159017  N9573950_N9800174_N9858598_N8554544_Team 666
001 Q0 402202 532 1.159017  N9573950_N9800174_N9858598_N8554544_Team 666
001 Q0 93378 533 1.159017  N9573950_N9800174_N9858598_N8554544_Team 666
001 Q0 93380 534 1.159017  N9573950_N9800174_N9858598_N8554544_Team 666
001 Q0 93732 535 1.159017  N9573950_N9800174_N9858598_N8554544_Team 666
001 Q0 163255 536 1.159017  N9573950_N9800174_N9858598_N8554544_Team 666
001 Q0 168404 537 1.159017  N9573950_N9800174_N9858598_N8554544_Team 666
001 Q0 517295 538 1.159017  N9573950_N9800174_N9858598_N8554544_Team 666
001 Q0 219448 539 1.159017  N9573950_N9800174_N9858598_N8554544_Team 666
001 Q0 586721 540 1.159017  N9573950_N9800174_N9858598_N8554544_Team 666
001 Q0 273180 541 1.159017  N9573950_N9800174_N9858598_N8554544_Team 666
001 Q0 633396 542 1.159017  N9573950_N9800174_N9858598_N8554544_Team 666
001 Q0 633399 543 1.159017  N9573950_N9800174_N9858598_N8554544_Team 666
001 Q0 548 544 1.143386  N9573950_N9800174_N9858598_N8554544_Team 666
001 Q0 1185 545 1.143386  N9573950_N9800174_N9858598_N8554544_Team 666
001 Q0 339567 546 1.143386  N9573950_N9800174_N9858598_N8554544_Team 666
001 Q0 339571 547 1.143386  N9573950_N9800174_N9858598_N8554544_Team 666
001 Q0 339848 548 1.143386  N9573950_N9800174_N9858598_N8554544_Team 666
001 Q0 339852 549 1.143386  N9573950_N9800174_N9858598_N8554544_Team 666
001 Q0 340054 550 1.143386  N9573950_N9800174_N9858598_N8554544_Team 666
001 Q0 340055 551 1.143386  N9573950_N9800174_N9858598_N8554544_Team 666
001 Q0 340109 552 1.143386  N9573950_N9800174_N9858598_N8554544_Team 666
001 Q0 1837 553 1.143386  N9573950_N9800174_N9858598_N8554544_Team 666
001 Q0 340505 554 1.143386  N9573950_N9800174_N9858598_N8554544_Team 666
001 Q0 340506 555 1.143386  N9573950_N9800174_N9858598_N8554544_Team 666
001 Q0 2372 556 1.143386  N9573950_N9800174_N9858598_N8554544_Team 666
001 Q0 2377 557 1.143386  N9573950_N9800174_N9858598_N8554544_Team 666
001 Q0 341430 558 1.143386  N9573950_N9800174_N9858598_N8554544_Team 666
001 Q0 341531 559 1.143386  N9573950_N9800174_N9858598_N8554544_Team 666
001 Q0 341946 560 1.143386  N9573950_N9800174_N9858598_N8554544_Team 666
001 Q0 341989 561 1.143386  N9573950_N9800174_N9858598_N8554544_Team 666
001 Q0 341993 562 1.143386  N9573950_N9800174_N9858598_N8554544_Team 666
001 Q0 341994 563 1.143386  N9573950_N9800174_N9858598_N8554544_Team 666
001 Q0 4637 564 1.143386  N9573950_N9800174_N9858598_N8554544_Team 666
001 Q0 5374 565 1.143386  N9573950_N9800174_N9858598_N8554544_Team 666
001 Q0 5377 566 1.143386  N9573950_N9800174_N9858598_N8554544_Team 666
001 Q0 344081 567 1.143386  N9573950_N9800174_N9858598_N8554544_Team 666
001 Q0 344083 568 1.143386  N9573950_N9800174_N9858598_N8554544_Team 666
001 Q0 6068 569 1.143386  N9573950_N9800174_N9858598_N8554544_Team 666
001 Q0 345159 570 1.143386  N9573950_N9800174_N9858598_N8554544_Team 666
001 Q0 345357 571 1.143386  N9573950_N9800174_N9858598_N8554544_Team 666
001 Q0 345360 572 1.143386  N9573950_N9800174_N9858598_N8554544_Team 666
001 Q0 6967 573 1.143386  N9573950_N9800174_N9858598_N8554544_Team 666
001 Q0 6971 574 1.143386  N9573950_N9800174_N9858598_N8554544_Team 666
001 Q0 345815 575 1.143386  N9573950_N9800174_N9858598_N8554544_Team 666
001 Q0 347131 576 1.143386  N9573950_N9800174_N9858598_N8554544_Team 666
001 Q0 8883 577 1.143386  N9573950_N9800174_N9858598_N8554544_Team 666
001 Q0 9446 578 1.143386  N9573950_N9800174_N9858598_N8554544_Team 666
001 Q0 9540 579 1.143386  N9573950_N9800174_N9858598_N8554544_Team 666
001 Q0 348121 580 1.143386  N9573950_N9800174_N9858598_N8554544_Team 666
001 Q0 348122 581 1.143386  N9573950_N9800174_N9858598_N8554544_Team 666
001 Q0 348124 582 1.143386  N9573950_N9800174_N9858598_N8554544_Team 666
001 Q0 348126 583 1.143386  N9573950_N9800174_N9858598_N8554544_Team 666
001 Q0 348221 584 1.143386  N9573950_N9800174_N9858598_N8554544_Team 666
001 Q0 348226 585 1.143386  N9573950_N9800174_N9858598_N8554544_Team 666
001 Q0 10167 586 1.143386  N9573950_N9800174_N9858598_N8554544_Team 666
001 Q0 10799 587 1.143386  N9573950_N9800174_N9858598_N8554544_Team 666
001 Q0 11689 588 1.143386  N9573950_N9800174_N9858598_N8554544_Team 666
001 Q0 350312 589 1.143386  N9573950_N9800174_N9858598_N8554544_Team 666
001 Q0 11881 590 1.143386  N9573950_N9800174_N9858598_N8554544_Team 666
001 Q0 12074 591 1.143386  N9573950_N9800174_N9858598_N8554544_Team 666
001 Q0 350922 592 1.143386  N9573950_N9800174_N9858598_N8554544_Team 666
001 Q0 12430 593 1.143386  N9573950_N9800174_N9858598_N8554544_Team 666
001 Q0 351872 594 1.143386  N9573950_N9800174_N9858598_N8554544_Team 666
001 Q0 13309 595 1.143386  N9573950_N9800174_N9858598_N8554544_Team 666
001 Q0 13310 596 1.143386  N9573950_N9800174_N9858598_N8554544_Team 666
001 Q0 13313 597 1.143386  N9573950_N9800174_N9858598_N8554544_Team 666
001 Q0 13861 598 1.143386  N9573950_N9800174_N9858598_N8554544_Team 666
001 Q0 13863 599 1.143386  N9573950_N9800174_N9858598_N8554544_Team 666
001 Q0 13953 600 1.143386  N9573950_N9800174_N9858598_N8554544_Team 666
001 Q0 14689 601 1.143386  N9573950_N9800174_N9858598_N8554544_Team 666
001 Q0 354527 602 1.143386  N9573950_N9800174_N9858598_N8554544_Team 666
001 Q0 16606 603 1.143386  N9573950_N9800174_N9858598_N8554544_Team 666
001 Q0 17032 604 1.143386  N9573950_N9800174_N9858598_N8554544_Team 666
001 Q0 17909 605 1.143386  N9573950_N9800174_N9858598_N8554544_Team 666
001 Q0 19187 606 1.143386  N9573950_N9800174_N9858598_N8554544_Team 666
001 Q0 358159 607 1.143386  N9573950_N9800174_N9858598_N8554544_Team 666
001 Q0 19978 608 1.143386  N9573950_N9800174_N9858598_N8554544_Team 666
001 Q0 24174 609 1.143386  N9573950_N9800174_N9858598_N8554544_Team 666
001 Q0 363723 610 1.143386  N9573950_N9800174_N9858598_N8554544_Team 666
001 Q0 363726 611 1.143386  N9573950_N9800174_N9858598_N8554544_Team 666
001 Q0 363816 612 1.143386  N9573950_N9800174_N9858598_N8554544_Team 666
001 Q0 363951 613 1.143386  N9573950_N9800174_N9858598_N8554544_Team 666
001 Q0 364082 614 1.143386  N9573950_N9800174_N9858598_N8554544_Team 666
001 Q0 25794 615 1.143386  N9573950_N9800174_N9858598_N8554544_Team 666
001 Q0 364260 616 1.143386  N9573950_N9800174_N9858598_N8554544_Team 666
001 Q0 26129 617 1.143386  N9573950_N9800174_N9858598_N8554544_Team 666
001 Q0 26131 618 1.143386  N9573950_N9800174_N9858598_N8554544_Team 666
001 Q0 365317 619 1.143386  N9573950_N9800174_N9858598_N8554544_Team 666
001 Q0 365318 620 1.143386  N9573950_N9800174_N9858598_N8554544_Team 666
001 Q0 365319 621 1.143386  N9573950_N9800174_N9858598_N8554544_Team 666
001 Q0 366063 622 1.143386  N9573950_N9800174_N9858598_N8554544_Team 666
001 Q0 366064 623 1.143386  N9573950_N9800174_N9858598_N8554544_Team 666
001 Q0 29104 624 1.143386  N9573950_N9800174_N9858598_N8554544_Team 666
001 Q0 29698 625 1.143386  N9573950_N9800174_N9858598_N8554544_Team 666
001 Q0 368567 626 1.143386  N9573950_N9800174_N9858598_N8554544_Team 666
001 Q0 30169 627 1.143386  N9573950_N9800174_N9858598_N8554544_Team 666
001 Q0 370025 628 1.143386  N9573950_N9800174_N9858598_N8554544_Team 666
001 Q0 370258 629 1.143386  N9573950_N9800174_N9858598_N8554544_Team 666
001 Q0 370437 630 1.143386  N9573950_N9800174_N9858598_N8554544_Team 666
001 Q0 32164 631 1.143386  N9573950_N9800174_N9858598_N8554544_Team 666
001 Q0 32166 632 1.143386  N9573950_N9800174_N9858598_N8554544_Team 666
001 Q0 371813 633 1.143386  N9573950_N9800174_N9858598_N8554544_Team 666
001 Q0 371814 634 1.143386  N9573950_N9800174_N9858598_N8554544_Team 666
001 Q0 371815 635 1.143386  N9573950_N9800174_N9858598_N8554544_Team 666
001 Q0 371820 636 1.143386  N9573950_N9800174_N9858598_N8554544_Team 666
001 Q0 33425 637 1.143386  N9573950_N9800174_N9858598_N8554544_Team 666
001 Q0 33835 638 1.143386  N9573950_N9800174_N9858598_N8554544_Team 666
001 Q0 372508 639 1.143386  N9573950_N9800174_N9858598_N8554544_Team 666
001 Q0 373902 640 1.143386  N9573950_N9800174_N9858598_N8554544_Team 666
001 Q0 373904 641 1.143386  N9573950_N9800174_N9858598_N8554544_Team 666
001 Q0 376042 642 1.143386  N9573950_N9800174_N9858598_N8554544_Team 666
001 Q0 376473 643 1.143386  N9573950_N9800174_N9858598_N8554544_Team 666
001 Q0 377378 644 1.143386  N9573950_N9800174_N9858598_N8554544_Team 666
001 Q0 38847 645 1.143386  N9573950_N9800174_N9858598_N8554544_Team 666
001 Q0 38865 646 1.143386  N9573950_N9800174_N9858598_N8554544_Team 666
001 Q0 38867 647 1.143386  N9573950_N9800174_N9858598_N8554544_Team 666
001 Q0 38868 648 1.143386  N9573950_N9800174_N9858598_N8554544_Team 666
001 Q0 38870 649 1.143386  N9573950_N9800174_N9858598_N8554544_Team 666
001 Q0 38871 650 1.143386  N9573950_N9800174_N9858598_N8554544_Team 666
001 Q0 377966 651 1.143386  N9573950_N9800174_N9858598_N8554544_Team 666
001 Q0 378501 652 1.143386  N9573950_N9800174_N9858598_N8554544_Team 666
001 Q0 379147 653 1.143386  N9573950_N9800174_N9858598_N8554544_Team 666
001 Q0 379149 654 1.143386  N9573950_N9800174_N9858598_N8554544_Team 666
001 Q0 379171 655 1.143386  N9573950_N9800174_N9858598_N8554544_Team 666
001 Q0 379172 656 1.143386  N9573950_N9800174_N9858598_N8554544_Team 666
001 Q0 379173 657 1.143386  N9573950_N9800174_N9858598_N8554544_Team 666
001 Q0 379177 658 1.143386  N9573950_N9800174_N9858598_N8554544_Team 666
001 Q0 40628 659 1.143386  N9573950_N9800174_N9858598_N8554544_Team 666
001 Q0 379735 660 1.143386  N9573950_N9800174_N9858598_N8554544_Team 666
001 Q0 379736 661 1.143386  N9573950_N9800174_N9858598_N8554544_Team 666
001 Q0 379737 662 1.143386  N9573950_N9800174_N9858598_N8554544_Team 666
001 Q0 379741 663 1.143386  N9573950_N9800174_N9858598_N8554544_Team 666
001 Q0 379742 664 1.143386  N9573950_N9800174_N9858598_N8554544_Team 666
001 Q0 380621 665 1.143386  N9573950_N9800174_N9858598_N8554544_Team 666
001 Q0 42314 666 1.143386  N9573950_N9800174_N9858598_N8554544_Team 666
001 Q0 42319 667 1.143386  N9573950_N9800174_N9858598_N8554544_Team 666
001 Q0 42583 668 1.143386  N9573950_N9800174_N9858598_N8554544_Team 666
001 Q0 381213 669 1.143386  N9573950_N9800174_N9858598_N8554544_Team 666
001 Q0 381328 670 1.143386  N9573950_N9800174_N9858598_N8554544_Team 666
001 Q0 381801 671 1.143386  N9573950_N9800174_N9858598_N8554544_Team 666
001 Q0 43909 672 1.143386  N9573950_N9800174_N9858598_N8554544_Team 666
001 Q0 43939 673 1.143386  N9573950_N9800174_N9858598_N8554544_Team 666
001 Q0 43940 674 1.143386  N9573950_N9800174_N9858598_N8554544_Team 666
001 Q0 382993 675 1.143386  N9573950_N9800174_N9858598_N8554544_Team 666
001 Q0 45082 676 1.143386  N9573950_N9800174_N9858598_N8554544_Team 666
001 Q0 45268 677 1.143386  N9573950_N9800174_N9858598_N8554544_Team 666
001 Q0 45269 678 1.143386  N9573950_N9800174_N9858598_N8554544_Team 666
001 Q0 384480 679 1.143386  N9573950_N9800174_N9858598_N8554544_Team 666
001 Q0 384631 680 1.143386  N9573950_N9800174_N9858598_N8554544_Team 666
001 Q0 46713 681 1.143386  N9573950_N9800174_N9858598_N8554544_Team 666
001 Q0 46796 682 1.143386  N9573950_N9800174_N9858598_N8554544_Team 666
001 Q0 385473 683 1.143386  N9573950_N9800174_N9858598_N8554544_Team 666
001 Q0 385998 684 1.143386  N9573950_N9800174_N9858598_N8554544_Team 666
001 Q0 386038 685 1.143386  N9573950_N9800174_N9858598_N8554544_Team 666
001 Q0 386109 686 1.143386  N9573950_N9800174_N9858598_N8554544_Team 666
001 Q0 47556 687 1.143386  N9573950_N9800174_N9858598_N8554544_Team 666
001 Q0 47887 688 1.143386  N9573950_N9800174_N9858598_N8554544_Team 666
001 Q0 48234 689 1.143386  N9573950_N9800174_N9858598_N8554544_Team 666
001 Q0 388819 690 1.143386  N9573950_N9800174_N9858598_N8554544_Team 666
001 Q0 388825 691 1.143386  N9573950_N9800174_N9858598_N8554544_Team 666
001 Q0 50273 692 1.143386  N9573950_N9800174_N9858598_N8554544_Team 666
001 Q0 50276 693 1.143386  N9573950_N9800174_N9858598_N8554544_Team 666
001 Q0 50280 694 1.143386  N9573950_N9800174_N9858598_N8554544_Team 666
001 Q0 389440 695 1.143386  N9573950_N9800174_N9858598_N8554544_Team 666
001 Q0 389445 696 1.143386  N9573950_N9800174_N9858598_N8554544_Team 666
001 Q0 390273 697 1.143386  N9573950_N9800174_N9858598_N8554544_Team 666
001 Q0 52581 698 1.143386  N9573950_N9800174_N9858598_N8554544_Team 666
001 Q0 52582 699 1.143386  N9573950_N9800174_N9858598_N8554544_Team 666
001 Q0 52683 700 1.143386  N9573950_N9800174_N9858598_N8554544_Team 666
001 Q0 53259 701 1.143386  N9573950_N9800174_N9858598_N8554544_Team 666
001 Q0 391904 702 1.143386  N9573950_N9800174_N9858598_N8554544_Team 666
001 Q0 53640 703 1.143386  N9573950_N9800174_N9858598_N8554544_Team 666
001 Q0 392478 704 1.143386  N9573950_N9800174_N9858598_N8554544_Team 666
001 Q0 392479 705 1.143386  N9573950_N9800174_N9858598_N8554544_Team 666
001 Q0 392481 706 1.143386  N9573950_N9800174_N9858598_N8554544_Team 666
001 Q0 392544 707 1.143386  N9573950_N9800174_N9858598_N8554544_Team 666
001 Q0 55263 708 1.143386  N9573950_N9800174_N9858598_N8554544_Team 666
001 Q0 56078 709 1.143386  N9573950_N9800174_N9858598_N8554544_Team 666
001 Q0 56784 710 1.143386  N9573950_N9800174_N9858598_N8554544_Team 666
001 Q0 395655 711 1.143386  N9573950_N9800174_N9858598_N8554544_Team 666
001 Q0 57571 712 1.143386  N9573950_N9800174_N9858598_N8554544_Team 666
001 Q0 57576 713 1.143386  N9573950_N9800174_N9858598_N8554544_Team 666
001 Q0 58121 714 1.143386  N9573950_N9800174_N9858598_N8554544_Team 666
001 Q0 59263 715 1.143386  N9573950_N9800174_N9858598_N8554544_Team 666
001 Q0 59264 716 1.143386  N9573950_N9800174_N9858598_N8554544_Team 666
001 Q0 59489 717 1.143386  N9573950_N9800174_N9858598_N8554544_Team 666
001 Q0 398201 718 1.143386  N9573950_N9800174_N9858598_N8554544_Team 666
001 Q0 398204 719 1.143386  N9573950_N9800174_N9858598_N8554544_Team 666
001 Q0 60122 720 1.143386  N9573950_N9800174_N9858598_N8554544_Team 666
001 Q0 61619 721 1.143386  N9573950_N9800174_N9858598_N8554544_Team 666
001 Q0 400086 722 1.143386  N9573950_N9800174_N9858598_N8554544_Team 666
001 Q0 400094 723 1.143386  N9573950_N9800174_N9858598_N8554544_Team 666
001 Q0 61687 724 1.143386  N9573950_N9800174_N9858598_N8554544_Team 666
001 Q0 62198 725 1.143386  N9573950_N9800174_N9858598_N8554544_Team 666
001 Q0 401104 726 1.143386  N9573950_N9800174_N9858598_N8554544_Team 666
001 Q0 401403 727 1.143386  N9573950_N9800174_N9858598_N8554544_Team 666
001 Q0 401404 728 1.143386  N9573950_N9800174_N9858598_N8554544_Team 666
001 Q0 62990 729 1.143386  N9573950_N9800174_N9858598_N8554544_Team 666
001 Q0 63522 730 1.143386  N9573950_N9800174_N9858598_N8554544_Team 666
001 Q0 63970 731 1.143386  N9573950_N9800174_N9858598_N8554544_Team 666
001 Q0 63971 732 1.143386  N9573950_N9800174_N9858598_N8554544_Team 666
001 Q0 402932 733 1.143386  N9573950_N9800174_N9858598_N8554544_Team 666
001 Q0 402994 734 1.143386  N9573950_N9800174_N9858598_N8554544_Team 666
001 Q0 402996 735 1.143386  N9573950_N9800174_N9858598_N8554544_Team 666
001 Q0 402998 736 1.143386  N9573950_N9800174_N9858598_N8554544_Team 666
001 Q0 402999 737 1.143386  N9573950_N9800174_N9858598_N8554544_Team 666
001 Q0 403032 738 1.143386  N9573950_N9800174_N9858598_N8554544_Team 666
001 Q0 403364 739 1.143386  N9573950_N9800174_N9858598_N8554544_Team 666
001 Q0 403897 740 1.143386  N9573950_N9800174_N9858598_N8554544_Team 666
001 Q0 404159 741 1.143386  N9573950_N9800174_N9858598_N8554544_Team 666
001 Q0 404161 742 1.143386  N9573950_N9800174_N9858598_N8554544_Team 666
001 Q0 404163 743 1.143386  N9573950_N9800174_N9858598_N8554544_Team 666
001 Q0 65815 744 1.143386  N9573950_N9800174_N9858598_N8554544_Team 666
001 Q0 405485 745 1.143386  N9573950_N9800174_N9858598_N8554544_Team 666
001 Q0 67362 746 1.143386  N9573950_N9800174_N9858598_N8554544_Team 666
001 Q0 67366 747 1.143386  N9573950_N9800174_N9858598_N8554544_Team 666
001 Q0 407088 748 1.143386  N9573950_N9800174_N9858598_N8554544_Team 666
001 Q0 407398 749 1.143386  N9573950_N9800174_N9858598_N8554544_Team 666
001 Q0 407400 750 1.143386  N9573950_N9800174_N9858598_N8554544_Team 666
001 Q0 408980 751 1.143386  N9573950_N9800174_N9858598_N8554544_Team 666
001 Q0 409292 752 1.143386  N9573950_N9800174_N9858598_N8554544_Team 666
001 Q0 409294 753 1.143386  N9573950_N9800174_N9858598_N8554544_Team 666
001 Q0 71436 754 1.143386  N9573950_N9800174_N9858598_N8554544_Team 666
001 Q0 72196 755 1.143386  N9573950_N9800174_N9858598_N8554544_Team 666
001 Q0 410805 756 1.143386  N9573950_N9800174_N9858598_N8554544_Team 666
001 Q0 410996 757 1.143386  N9573950_N9800174_N9858598_N8554544_Team 666
001 Q0 72571 758 1.143386  N9573950_N9800174_N9858598_N8554544_Team 666
001 Q0 72572 759 1.143386  N9573950_N9800174_N9858598_N8554544_Team 666
001 Q0 72573 760 1.143386  N9573950_N9800174_N9858598_N8554544_Team 666
001 Q0 411103 761 1.143386  N9573950_N9800174_N9858598_N8554544_Team 666
001 Q0 411354 762 1.143386  N9573950_N9800174_N9858598_N8554544_Team 666
001 Q0 411356 763 1.143386  N9573950_N9800174_N9858598_N8554544_Team 666
001 Q0 73824 764 1.143386  N9573950_N9800174_N9858598_N8554544_Team 666
001 Q0 74076 765 1.143386  N9573950_N9800174_N9858598_N8554544_Team 666
001 Q0 74799 766 1.143386  N9573950_N9800174_N9858598_N8554544_Team 666
001 Q0 415490 767 1.143386  N9573950_N9800174_N9858598_N8554544_Team 666
001 Q0 77445 768 1.143386  N9573950_N9800174_N9858598_N8554544_Team 666
001 Q0 77448 769 1.143386  N9573950_N9800174_N9858598_N8554544_Team 666
001 Q0 78037 770 1.143386  N9573950_N9800174_N9858598_N8554544_Team 666
001 Q0 79539 771 1.143386  N9573950_N9800174_N9858598_N8554544_Team 666
001 Q0 79583 772 1.143386  N9573950_N9800174_N9858598_N8554544_Team 666
001 Q0 79586 773 1.143386  N9573950_N9800174_N9858598_N8554544_Team 666
001 Q0 79687 774 1.143386  N9573950_N9800174_N9858598_N8554544_Team 666
001 Q0 79796 775 1.143386  N9573950_N9800174_N9858598_N8554544_Team 666
001 Q0 80477 776 1.143386  N9573950_N9800174_N9858598_N8554544_Team 666
001 Q0 80821 777 1.143386  N9573950_N9800174_N9858598_N8554544_Team 666
001 Q0 81319 778 1.143386  N9573950_N9800174_N9858598_N8554544_Team 666
001 Q0 82568 779 1.143386  N9573950_N9800174_N9858598_N8554544_Team 666
001 Q0 82601 780 1.143386  N9573950_N9800174_N9858598_N8554544_Team 666
001 Q0 421667 781 1.143386  N9573950_N9800174_N9858598_N8554544_Team 666
001 Q0 84256 782 1.143386  N9573950_N9800174_N9858598_N8554544_Team 666
001 Q0 84318 783 1.143386  N9573950_N9800174_N9858598_N8554544_Team 666
001 Q0 84321 784 1.143386  N9573950_N9800174_N9858598_N8554544_Team 666
001 Q0 84322 785 1.143386  N9573950_N9800174_N9858598_N8554544_Team 666
001 Q0 84998 786 1.143386  N9573950_N9800174_N9858598_N8554544_Team 666
001 Q0 85415 787 1.143386  N9573950_N9800174_N9858598_N8554544_Team 666
001 Q0 85416 788 1.143386  N9573950_N9800174_N9858598_N8554544_Team 666
001 Q0 85419 789 1.143386  N9573950_N9800174_N9858598_N8554544_Team 666
001 Q0 85422 790 1.143386  N9573950_N9800174_N9858598_N8554544_Team 666
001 Q0 85424 791 1.143386  N9573950_N9800174_N9858598_N8554544_Team 666
001 Q0 85827 792 1.143386  N9573950_N9800174_N9858598_N8554544_Team 666
001 Q0 425143 793 1.143386  N9573950_N9800174_N9858598_N8554544_Team 666
001 Q0 425145 794 1.143386  N9573950_N9800174_N9858598_N8554544_Team 666
001 Q0 87305 795 1.143386  N9573950_N9800174_N9858598_N8554544_Team 666
001 Q0 426375 796 1.143386  N9573950_N9800174_N9858598_N8554544_Team 666
001 Q0 426377 797 1.143386  N9573950_N9800174_N9858598_N8554544_Team 666
001 Q0 426380 798 1.143386  N9573950_N9800174_N9858598_N8554544_Team 666
001 Q0 426829 799 1.143386  N9573950_N9800174_N9858598_N8554544_Team 666
001 Q0 88304 800 1.143386  N9573950_N9800174_N9858598_N8554544_Team 666
001 Q0 89964 801 1.143386  N9573950_N9800174_N9858598_N8554544_Team 666
001 Q0 428612 802 1.143386  N9573950_N9800174_N9858598_N8554544_Team 666
001 Q0 429433 803 1.143386  N9573950_N9800174_N9858598_N8554544_Team 666
001 Q0 435147 804 1.143386  N9573950_N9800174_N9858598_N8554544_Team 666
001 Q0 435149 805 1.143386  N9573950_N9800174_N9858598_N8554544_Team 666
001 Q0 98086 806 1.143386  N9573950_N9800174_N9858598_N8554544_Team 666
001 Q0 98640 807 1.143386  N9573950_N9800174_N9858598_N8554544_Team 666
001 Q0 438250 808 1.143386  N9573950_N9800174_N9858598_N8554544_Team 666
001 Q0 100209 809 1.143386  N9573950_N9800174_N9858598_N8554544_Team 666
001 Q0 100210 810 1.143386  N9573950_N9800174_N9858598_N8554544_Team 666
001 Q0 100215 811 1.143386  N9573950_N9800174_N9858598_N8554544_Team 666
001 Q0 100216 812 1.143386  N9573950_N9800174_N9858598_N8554544_Team 666
001 Q0 439035 813 1.143386  N9573950_N9800174_N9858598_N8554544_Team 666
001 Q0 101288 814 1.143386  N9573950_N9800174_N9858598_N8554544_Team 666
001 Q0 439986 815 1.143386  N9573950_N9800174_N9858598_N8554544_Team 666
001 Q0 440401 816 1.143386  N9573950_N9800174_N9858598_N8554544_Team 666
001 Q0 440403 817 1.143386  N9573950_N9800174_N9858598_N8554544_Team 666
001 Q0 440406 818 1.143386  N9573950_N9800174_N9858598_N8554544_Team 666
001 Q0 102738 819 1.143386  N9573950_N9800174_N9858598_N8554544_Team 666
001 Q0 102739 820 1.143386  N9573950_N9800174_N9858598_N8554544_Team 666
001 Q0 441434 821 1.143386  N9573950_N9800174_N9858598_N8554544_Team 666
001 Q0 441435 822 1.143386  N9573950_N9800174_N9858598_N8554544_Team 666
001 Q0 103450 823 1.143386  N9573950_N9800174_N9858598_N8554544_Team 666
001 Q0 442326 824 1.143386  N9573950_N9800174_N9858598_N8554544_Team 666
001 Q0 442327 825 1.143386  N9573950_N9800174_N9858598_N8554544_Team 666
001 Q0 104962 826 1.143386  N9573950_N9800174_N9858598_N8554544_Team 666
001 Q0 104970 827 1.143386  N9573950_N9800174_N9858598_N8554544_Team 666
001 Q0 105126 828 1.143386  N9573950_N9800174_N9858598_N8554544_Team 666
001 Q0 443770 829 1.143386  N9573950_N9800174_N9858598_N8554544_Team 666
001 Q0 444123 830 1.143386  N9573950_N9800174_N9858598_N8554544_Team 666
001 Q0 105955 831 1.143386  N9573950_N9800174_N9858598_N8554544_Team 666
001 Q0 444889 832 1.143386  N9573950_N9800174_N9858598_N8554544_Team 666
001 Q0 106695 833 1.143386  N9573950_N9800174_N9858598_N8554544_Team 666
001 Q0 106699 834 1.143386  N9573950_N9800174_N9858598_N8554544_Team 666
001 Q0 107328 835 1.143386  N9573950_N9800174_N9858598_N8554544_Team 666
001 Q0 107329 836 1.143386  N9573950_N9800174_N9858598_N8554544_Team 666
001 Q0 448268 837 1.143386  N9573950_N9800174_N9858598_N8554544_Team 666
001 Q0 448430 838 1.143386  N9573950_N9800174_N9858598_N8554544_Team 666
001 Q0 109819 839 1.143386  N9573950_N9800174_N9858598_N8554544_Team 666
001 Q0 110619 840 1.143386  N9573950_N9800174_N9858598_N8554544_Team 666
001 Q0 112641 841 1.143386  N9573950_N9800174_N9858598_N8554544_Team 666
001 Q0 113248 842 1.143386  N9573950_N9800174_N9858598_N8554544_Team 666
001 Q0 113673 843 1.143386  N9573950_N9800174_N9858598_N8554544_Team 666
001 Q0 114875 844 1.143386  N9573950_N9800174_N9858598_N8554544_Team 666
001 Q0 116072 845 1.143386  N9573950_N9800174_N9858598_N8554544_Team 666
001 Q0 455287 846 1.143386  N9573950_N9800174_N9858598_N8554544_Team 666
001 Q0 455293 847 1.143386  N9573950_N9800174_N9858598_N8554544_Team 666
001 Q0 455889 848 1.143386  N9573950_N9800174_N9858598_N8554544_Team 666
001 Q0 456122 849 1.143386  N9573950_N9800174_N9858598_N8554544_Team 666
001 Q0 456516 850 1.143386  N9573950_N9800174_N9858598_N8554544_Team 666
001 Q0 456518 851 1.143386  N9573950_N9800174_N9858598_N8554544_Team 666
001 Q0 118064 852 1.143386  N9573950_N9800174_N9858598_N8554544_Team 666
001 Q0 458180 853 1.143386  N9573950_N9800174_N9858598_N8554544_Team 666
001 Q0 458535 854 1.143386  N9573950_N9800174_N9858598_N8554544_Team 666
001 Q0 458537 855 1.143386  N9573950_N9800174_N9858598_N8554544_Team 666
001 Q0 119783 856 1.143386  N9573950_N9800174_N9858598_N8554544_Team 666
001 Q0 119785 857 1.143386  N9573950_N9800174_N9858598_N8554544_Team 666
001 Q0 119786 858 1.143386  N9573950_N9800174_N9858598_N8554544_Team 666
001 Q0 119787 859 1.143386  N9573950_N9800174_N9858598_N8554544_Team 666
001 Q0 119788 860 1.143386  N9573950_N9800174_N9858598_N8554544_Team 666
001 Q0 119790 861 1.143386  N9573950_N9800174_N9858598_N8554544_Team 666
001 Q0 459247 862 1.143386  N9573950_N9800174_N9858598_N8554544_Team 666
001 Q0 459249 863 1.143386  N9573950_N9800174_N9858598_N8554544_Team 666
001 Q0 460860 864 1.143386  N9573950_N9800174_N9858598_N8554544_Team 666
001 Q0 122180 865 1.143386  N9573950_N9800174_N9858598_N8554544_Team 666
001 Q0 122181 866 1.143386  N9573950_N9800174_N9858598_N8554544_Team 666
001 Q0 122185 867 1.143386  N9573950_N9800174_N9858598_N8554544_Team 666
001 Q0 461366 868 1.143386  N9573950_N9800174_N9858598_N8554544_Team 666
001 Q0 461368 869 1.143386  N9573950_N9800174_N9858598_N8554544_Team 666
001 Q0 461702 870 1.143386  N9573950_N9800174_N9858598_N8554544_Team 666
001 Q0 461719 871 1.143386  N9573950_N9800174_N9858598_N8554544_Team 666
001 Q0 462761 872 1.143386  N9573950_N9800174_N9858598_N8554544_Team 666
001 Q0 462995 873 1.143386  N9573950_N9800174_N9858598_N8554544_Team 666
001 Q0 462996 874 1.143386  N9573950_N9800174_N9858598_N8554544_Team 666
001 Q0 124320 875 1.143386  N9573950_N9800174_N9858598_N8554544_Team 666
001 Q0 125346 876 1.143386  N9573950_N9800174_N9858598_N8554544_Team 666
001 Q0 125469 877 1.143386  N9573950_N9800174_N9858598_N8554544_Team 666
001 Q0 125474 878 1.143386  N9573950_N9800174_N9858598_N8554544_Team 666
001 Q0 125475 879 1.143386  N9573950_N9800174_N9858598_N8554544_Team 666
001 Q0 125657 880 1.143386  N9573950_N9800174_N9858598_N8554544_Team 666
001 Q0 125907 881 1.143386  N9573950_N9800174_N9858598_N8554544_Team 666
001 Q0 465017 882 1.143386  N9573950_N9800174_N9858598_N8554544_Team 666
001 Q0 126129 883 1.143386  N9573950_N9800174_N9858598_N8554544_Team 666
001 Q0 126133 884 1.143386  N9573950_N9800174_N9858598_N8554544_Team 666
001 Q0 466822 885 1.143386  N9573950_N9800174_N9858598_N8554544_Team 666
001 Q0 129887 886 1.143386  N9573950_N9800174_N9858598_N8554544_Team 666
001 Q0 469223 887 1.143386  N9573950_N9800174_N9858598_N8554544_Team 666
001 Q0 130773 888 1.143386  N9573950_N9800174_N9858598_N8554544_Team 666
001 Q0 469724 889 1.143386  N9573950_N9800174_N9858598_N8554544_Team 666
001 Q0 131258 890 1.143386  N9573950_N9800174_N9858598_N8554544_Team 666
001 Q0 131614 891 1.143386  N9573950_N9800174_N9858598_N8554544_Team 666
001 Q0 133034 892 1.143386  N9573950_N9800174_N9858598_N8554544_Team 666
001 Q0 471989 893 1.143386  N9573950_N9800174_N9858598_N8554544_Team 666
001 Q0 471991 894 1.143386  N9573950_N9800174_N9858598_N8554544_Team 666
001 Q0 133576 895 1.143386  N9573950_N9800174_N9858598_N8554544_Team 666
001 Q0 135410 896 1.143386  N9573950_N9800174_N9858598_N8554544_Team 666
001 Q0 474501 897 1.143386  N9573950_N9800174_N9858598_N8554544_Team 666
001 Q0 474503 898 1.143386  N9573950_N9800174_N9858598_N8554544_Team 666
001 Q0 135650 899 1.143386  N9573950_N9800174_N9858598_N8554544_Team 666
001 Q0 135651 900 1.143386  N9573950_N9800174_N9858598_N8554544_Team 666
001 Q0 135655 901 1.143386  N9573950_N9800174_N9858598_N8554544_Team 666
001 Q0 137030 902 1.143386  N9573950_N9800174_N9858598_N8554544_Team 666
001 Q0 476210 903 1.143386  N9573950_N9800174_N9858598_N8554544_Team 666
001 Q0 477105 904 1.143386  N9573950_N9800174_N9858598_N8554544_Team 666
001 Q0 138714 905 1.143386  N9573950_N9800174_N9858598_N8554544_Team 666
001 Q0 138767 906 1.143386  N9573950_N9800174_N9858598_N8554544_Team 666
001 Q0 139365 907 1.143386  N9573950_N9800174_N9858598_N8554544_Team 666
001 Q0 139369 908 1.143386  N9573950_N9800174_N9858598_N8554544_Team 666
001 Q0 139371 909 1.143386  N9573950_N9800174_N9858598_N8554544_Team 666
001 Q0 139774 910 1.143386  N9573950_N9800174_N9858598_N8554544_Team 666
001 Q0 140224 911 1.143386  N9573950_N9800174_N9858598_N8554544_Team 666
001 Q0 140226 912 1.143386  N9573950_N9800174_N9858598_N8554544_Team 666
001 Q0 142952 913 1.143386  N9573950_N9800174_N9858598_N8554544_Team 666
001 Q0 482298 914 1.143386  N9573950_N9800174_N9858598_N8554544_Team 666
001 Q0 482300 915 1.143386  N9573950_N9800174_N9858598_N8554544_Team 666
001 Q0 482303 916 1.143386  N9573950_N9800174_N9858598_N8554544_Team 666
001 Q0 484066 917 1.143386  N9573950_N9800174_N9858598_N8554544_Team 666
001 Q0 484312 918 1.143386  N9573950_N9800174_N9858598_N8554544_Team 666
001 Q0 484318 919 1.143386  N9573950_N9800174_N9858598_N8554544_Team 666
001 Q0 485629 920 1.143386  N9573950_N9800174_N9858598_N8554544_Team 666
001 Q0 486144 921 1.143386  N9573950_N9800174_N9858598_N8554544_Team 666
001 Q0 486250 922 1.143386  N9573950_N9800174_N9858598_N8554544_Team 666
001 Q0 147957 923 1.143386  N9573950_N9800174_N9858598_N8554544_Team 666
001 Q0 149227 924 1.143386  N9573950_N9800174_N9858598_N8554544_Team 666
001 Q0 149229 925 1.143386  N9573950_N9800174_N9858598_N8554544_Team 666
001 Q0 149231 926 1.143386  N9573950_N9800174_N9858598_N8554544_Team 666
001 Q0 149233 927 1.143386  N9573950_N9800174_N9858598_N8554544_Team 666
001 Q0 149500 928 1.143386  N9573950_N9800174_N9858598_N8554544_Team 666
001 Q0 149504 929 1.143386  N9573950_N9800174_N9858598_N8554544_Team 666
001 Q0 149570 930 1.143386  N9573950_N9800174_N9858598_N8554544_Team 666
001 Q0 488828 931 1.143386  N9573950_N9800174_N9858598_N8554544_Team 666
001 Q0 488830 932 1.143386  N9573950_N9800174_N9858598_N8554544_Team 666
001 Q0 488832 933 1.143386  N9573950_N9800174_N9858598_N8554544_Team 666
001 Q0 152390 934 1.143386  N9573950_N9800174_N9858598_N8554544_Team 666
001 Q0 152394 935 1.143386  N9573950_N9800174_N9858598_N8554544_Team 666
001 Q0 152395 936 1.143386  N9573950_N9800174_N9858598_N8554544_Team 666
001 Q0 152397 937 1.143386  N9573950_N9800174_N9858598_N8554544_Team 666
001 Q0 491709 938 1.143386  N9573950_N9800174_N9858598_N8554544_Team 666
001 Q0 491715 939 1.143386  N9573950_N9800174_N9858598_N8554544_Team 666
001 Q0 152733 940 1.143386  N9573950_N9800174_N9858598_N8554544_Team 666
001 Q0 152871 941 1.143386  N9573950_N9800174_N9858598_N8554544_Team 666
001 Q0 153042 942 1.143386  N9573950_N9800174_N9858598_N8554544_Team 666
001 Q0 493114 943 1.143386  N9573950_N9800174_N9858598_N8554544_Team 666
001 Q0 154764 944 1.143386  N9573950_N9800174_N9858598_N8554544_Team 666
001 Q0 154765 945 1.143386  N9573950_N9800174_N9858598_N8554544_Team 666
001 Q0 154766 946 1.143386  N9573950_N9800174_N9858598_N8554544_Team 666
001 Q0 155355 947 1.143386  N9573950_N9800174_N9858598_N8554544_Team 666
001 Q0 155356 948 1.143386  N9573950_N9800174_N9858598_N8554544_Team 666
001 Q0 155357 949 1.143386  N9573950_N9800174_N9858598_N8554544_Team 666
001 Q0 155359 950 1.143386  N9573950_N9800174_N9858598_N8554544_Team 666
001 Q0 495004 951 1.143386  N9573950_N9800174_N9858598_N8554544_Team 666
001 Q0 156252 952 1.143386  N9573950_N9800174_N9858598_N8554544_Team 666
001 Q0 156256 953 1.143386  N9573950_N9800174_N9858598_N8554544_Team 666
001 Q0 156257 954 1.143386  N9573950_N9800174_N9858598_N8554544_Team 666
001 Q0 495753 955 1.143386  N9573950_N9800174_N9858598_N8554544_Team 666
001 Q0 157044 956 1.143386  N9573950_N9800174_N9858598_N8554544_Team 666
001 Q0 497955 957 1.143386  N9573950_N9800174_N9858598_N8554544_Team 666
001 Q0 159610 958 1.143386  N9573950_N9800174_N9858598_N8554544_Team 666
001 Q0 159614 959 1.143386  N9573950_N9800174_N9858598_N8554544_Team 666
001 Q0 160228 960 1.143386  N9573950_N9800174_N9858598_N8554544_Team 666
001 Q0 499335 961 1.143386  N9573950_N9800174_N9858598_N8554544_Team 666
001 Q0 500356 962 1.143386  N9573950_N9800174_N9858598_N8554544_Team 666
001 Q0 161585 963 1.143386  N9573950_N9800174_N9858598_N8554544_Team 666
001 Q0 161589 964 1.143386  N9573950_N9800174_N9858598_N8554544_Team 666
001 Q0 500796 965 1.143386  N9573950_N9800174_N9858598_N8554544_Team 666
001 Q0 500798 966 1.143386  N9573950_N9800174_N9858598_N8554544_Team 666
001 Q0 501037 967 1.143386  N9573950_N9800174_N9858598_N8554544_Team 666
001 Q0 501326 968 1.143386  N9573950_N9800174_N9858598_N8554544_Team 666
001 Q0 501327 969 1.143386  N9573950_N9800174_N9858598_N8554544_Team 666
001 Q0 501328 970 1.143386  N9573950_N9800174_N9858598_N8554544_Team 666
001 Q0 163594 971 1.143386  N9573950_N9800174_N9858598_N8554544_Team 666
001 Q0 165013 972 1.143386  N9573950_N9800174_N9858598_N8554544_Team 666
001 Q0 504424 973 1.143386  N9573950_N9800174_N9858598_N8554544_Team 666
001 Q0 165758 974 1.143386  N9573950_N9800174_N9858598_N8554544_Team 666
001 Q0 165760 975 1.143386  N9573950_N9800174_N9858598_N8554544_Team 666
001 Q0 167385 976 1.143386  N9573950_N9800174_N9858598_N8554544_Team 666
001 Q0 167604 977 1.143386  N9573950_N9800174_N9858598_N8554544_Team 666
001 Q0 167750 978 1.143386  N9573950_N9800174_N9858598_N8554544_Team 666
001 Q0 167753 979 1.143386  N9573950_N9800174_N9858598_N8554544_Team 666
001 Q0 169462 980 1.143386  N9573950_N9800174_N9858598_N8554544_Team 666
001 Q0 169464 981 1.143386  N9573950_N9800174_N9858598_N8554544_Team 666
001 Q0 169607 982 1.143386  N9573950_N9800174_N9858598_N8554544_Team 666
001 Q0 169631 983 1.143386  N9573950_N9800174_N9858598_N8554544_Team 666
001 Q0 169633 984 1.143386  N9573950_N9800174_N9858598_N8554544_Team 666
001 Q0 509033 985 1.143386  N9573950_N9800174_N9858598_N8554544_Team 666
001 Q0 509037 986 1.143386  N9573950_N9800174_N9858598_N8554544_Team 666
001 Q0 170117 987 1.143386  N9573950_N9800174_N9858598_N8554544_Team 666
001 Q0 509522 988 1.143386  N9573950_N9800174_N9858598_N8554544_Team 666
001 Q0 510171 989 1.143386  N9573950_N9800174_N9858598_N8554544_Team 666
001 Q0 510752 990 1.143386  N9573950_N9800174_N9858598_N8554544_Team 666
001 Q0 510753 991 1.143386  N9573950_N9800174_N9858598_N8554544_Team 666
001 Q0 510754 992 1.143386  N9573950_N9800174_N9858598_N8554544_Team 666
001 Q0 511226 993 1.143386  N9573950_N9800174_N9858598_N8554544_Team 666
001 Q0 511318 994 1.143386  N9573950_N9800174_N9858598_N8554544_Team 666
001 Q0 511322 995 1.143386  N9573950_N9800174_N9858598_N8554544_Team 666
001 Q0 511973 996 1.143386  N9573950_N9800174_N9858598_N8554544_Team 666
001 Q0 512261 997 1.143386  N9573950_N9800174_N9858598_N8554544_Team 666
001 Q0 512263 998 1.143386  N9573950_N9800174_N9858598_N8554544_Team 666
001 Q0 512846 999 1.143386  N9573950_N9800174_N9858598_N8554544_Team 666
001 Q0 173950 1000 1.143386  N9573950_N9800174_N9858598_N8554544_Team 666
